# Sample white line points for simulation
# Format: x y (coordinates in meters)
# Creating a simple rectangular track with some additional features

# Outer rectangle (track boundary)
-5.0 -3.0
-5.0 -2.8
-5.0 -2.6
-5.0 -2.4
-5.0 -2.2
-5.0 -2.0
-5.0 -1.8
-5.0 -1.6
-5.0 -1.4
-5.0 -1.2
-5.0 -1.0
-5.0 -0.8
-5.0 -0.6
-5.0 -0.4
-5.0 -0.2
-5.0 0.0
-5.0 0.2
-5.0 0.4
-5.0 0.6
-5.0 0.8
-5.0 1.0
-5.0 1.2
-5.0 1.4
-5.0 1.6
-5.0 1.8
-5.0 2.0
-5.0 2.2
-5.0 2.4
-5.0 2.6
-5.0 2.8
-5.0 3.0

# Top edge
-4.8 3.0
-4.6 3.0
-4.4 3.0
-4.2 3.0
-4.0 3.0
-3.8 3.0
-3.6 3.0
-3.4 3.0
-3.2 3.0
-3.0 3.0
-2.8 3.0
-2.6 3.0
-2.4 3.0
-2.2 3.0
-2.0 3.0
-1.8 3.0
-1.6 3.0
-1.4 3.0
-1.2 3.0
-1.0 3.0
-0.8 3.0
-0.6 3.0
-0.4 3.0
-0.2 3.0
0.0 3.0
0.2 3.0
0.4 3.0
0.6 3.0
0.8 3.0
1.0 3.0
1.2 3.0
1.4 3.0
1.6 3.0
1.8 3.0
2.0 3.0
2.2 3.0
2.4 3.0
2.6 3.0
2.8 3.0
3.0 3.0
3.2 3.0
3.4 3.0
3.6 3.0
3.8 3.0
4.0 3.0
4.2 3.0
4.4 3.0
4.6 3.0
4.8 3.0
5.0 3.0

# Right edge
5.0 2.8
5.0 2.6
5.0 2.4
5.0 2.2
5.0 2.0
5.0 1.8
5.0 1.6
5.0 1.4
5.0 1.2
5.0 1.0
5.0 0.8
5.0 0.6
5.0 0.4
5.0 0.2
5.0 0.0
5.0 -0.2
5.0 -0.4
5.0 -0.6
5.0 -0.8
5.0 -1.0
5.0 -1.2
5.0 -1.4
5.0 -1.6
5.0 -1.8
5.0 -2.0
5.0 -2.2
5.0 -2.4
5.0 -2.6
5.0 -2.8
5.0 -3.0

# Bottom edge
4.8 -3.0
4.6 -3.0
4.4 -3.0
4.2 -3.0
4.0 -3.0
3.8 -3.0
3.6 -3.0
3.4 -3.0
3.2 -3.0
3.0 -3.0
2.8 -3.0
2.6 -3.0
2.4 -3.0
2.2 -3.0
2.0 -3.0
1.8 -3.0
1.6 -3.0
1.4 -3.0
1.2 -3.0
1.0 -3.0
0.8 -3.0
0.6 -3.0
0.4 -3.0
0.2 -3.0
0.0 -3.0
-0.2 -3.0
-0.4 -3.0
-0.6 -3.0
-0.8 -3.0
-1.0 -3.0
-1.2 -3.0
-1.4 -3.0
-1.6 -3.0
-1.8 -3.0
-2.0 -3.0
-2.2 -3.0
-2.4 -3.0
-2.6 -3.0
-2.8 -3.0
-3.0 -3.0
-3.2 -3.0
-3.4 -3.0
-3.6 -3.0
-3.8 -3.0
-4.0 -3.0
-4.2 -3.0
-4.4 -3.0
-4.6 -3.0
-4.8 -3.0

# Center line (dividing the track)
-4.0 0.0
-3.8 0.0
-3.6 0.0
-3.4 0.0
-3.2 0.0
-3.0 0.0
-2.8 0.0
-2.6 0.0
-2.4 0.0
-2.2 0.0
-2.0 0.0
-1.8 0.0
-1.6 0.0
-1.4 0.0
-1.2 0.0
-1.0 0.0
-0.8 0.0
-0.6 0.0
-0.4 0.0
-0.2 0.0
0.0 0.0
0.2 0.0
0.4 0.0
0.6 0.0
0.8 0.0
1.0 0.0
1.2 0.0
1.4 0.0
1.6 0.0
1.8 0.0
2.0 0.0
2.2 0.0
2.4 0.0
2.6 0.0
2.8 0.0
3.0 0.0
3.2 0.0
3.4 0.0
3.6 0.0
3.8 0.0
4.0 0.0 