# Soccer field white line points (AdultSize)
# Generated automatically - x y coordinates in meters
# Field dimensions: 14m x 9m
# Format: x y

-7 4.5
-6.95 4.5
-6.9 4.5
-6.85 4.5
-6.8 4.5
-6.75 4.5
-6.7 4.5
-6.65 4.5
-6.6 4.5
-6.55 4.5
-6.5 4.5
-6.45 4.5
-6.4 4.5
-6.35 4.5
-6.3 4.5
-6.25 4.5
-6.2 4.5
-6.15 4.5
-6.1 4.5
-6.05 4.5
-6 4.5
-5.95 4.5
-5.9 4.5
-5.85 4.5
-5.8 4.5
-5.75 4.5
-5.7 4.5
-5.65 4.5
-5.6 4.5
-5.55 4.5
-5.5 4.5
-5.45 4.5
-5.4 4.5
-5.35 4.5
-5.3 4.5
-5.25 4.5
-5.2 4.5
-5.15 4.5
-5.1 4.5
-5.05 4.5
-5 4.5
-4.95 4.5
-4.9 4.5
-4.85 4.5
-4.8 4.5
-4.75 4.5
-4.7 4.5
-4.65 4.5
-4.6 4.5
-4.55 4.5
-4.5 4.5
-4.45 4.5
-4.4 4.5
-4.35 4.5
-4.3 4.5
-4.25 4.5
-4.2 4.5
-4.15 4.5
-4.1 4.5
-4.05 4.5
-4 4.5
-3.95 4.5
-3.9 4.5
-3.85 4.5
-3.8 4.5
-3.75 4.5
-3.7 4.5
-3.65 4.5
-3.6 4.5
-3.55 4.5
-3.5 4.5
-3.45 4.5
-3.4 4.5
-3.35 4.5
-3.3 4.5
-3.25 4.5
-3.2 4.5
-3.15 4.5
-3.1 4.5
-3.05 4.5
-3 4.5
-2.95 4.5
-2.9 4.5
-2.85 4.5
-2.8 4.5
-2.75 4.5
-2.7 4.5
-2.65 4.5
-2.6 4.5
-2.55 4.5
-2.5 4.5
-2.45 4.5
-2.4 4.5
-2.35 4.5
-2.3 4.5
-2.25 4.5
-2.2 4.5
-2.15 4.5
-2.1 4.5
-2.05 4.5
-2 4.5
-1.95 4.5
-1.9 4.5
-1.85 4.5
-1.8 4.5
-1.75 4.5
-1.7 4.5
-1.65 4.5
-1.6 4.5
-1.55 4.5
-1.5 4.5
-1.45 4.5
-1.4 4.5
-1.35 4.5
-1.3 4.5
-1.25 4.5
-1.2 4.5
-1.15 4.5
-1.1 4.5
-1.05 4.5
-1 4.5
-0.95 4.5
-0.9 4.5
-0.85 4.5
-0.8 4.5
-0.75 4.5
-0.7 4.5
-0.65 4.5
-0.6 4.5
-0.55 4.5
-0.5 4.5
-0.45 4.5
-0.4 4.5
-0.35 4.5
-0.3 4.5
-0.25 4.5
-0.2 4.5
-0.15 4.5
-0.1 4.5
-0.05 4.5
0 4.5
0.05 4.5
0.1 4.5
0.15 4.5
0.2 4.5
0.25 4.5
0.3 4.5
0.35 4.5
0.4 4.5
0.45 4.5
0.5 4.5
0.55 4.5
0.6 4.5
0.65 4.5
0.7 4.5
0.75 4.5
0.8 4.5
0.85 4.5
0.9 4.5
0.95 4.5
1 4.5
1.05 4.5
1.1 4.5
1.15 4.5
1.2 4.5
1.25 4.5
1.3 4.5
1.35 4.5
1.4 4.5
1.45 4.5
1.5 4.5
1.55 4.5
1.6 4.5
1.65 4.5
1.7 4.5
1.75 4.5
1.8 4.5
1.85 4.5
1.9 4.5
1.95 4.5
2 4.5
2.05 4.5
2.1 4.5
2.15 4.5
2.2 4.5
2.25 4.5
2.3 4.5
2.35 4.5
2.4 4.5
2.45 4.5
2.5 4.5
2.55 4.5
2.6 4.5
2.65 4.5
2.7 4.5
2.75 4.5
2.8 4.5
2.85 4.5
2.9 4.5
2.95 4.5
3 4.5
3.05 4.5
3.1 4.5
3.15 4.5
3.2 4.5
3.25 4.5
3.3 4.5
3.35 4.5
3.4 4.5
3.45 4.5
3.5 4.5
3.55 4.5
3.6 4.5
3.65 4.5
3.7 4.5
3.75 4.5
3.8 4.5
3.85 4.5
3.9 4.5
3.95 4.5
4 4.5
4.05 4.5
4.1 4.5
4.15 4.5
4.2 4.5
4.25 4.5
4.3 4.5
4.35 4.5
4.4 4.5
4.45 4.5
4.5 4.5
4.55 4.5
4.6 4.5
4.65 4.5
4.7 4.5
4.75 4.5
4.8 4.5
4.85 4.5
4.9 4.5
4.95 4.5
5 4.5
5.05 4.5
5.1 4.5
5.15 4.5
5.2 4.5
5.25 4.5
5.3 4.5
5.35 4.5
5.4 4.5
5.45 4.5
5.5 4.5
5.55 4.5
5.6 4.5
5.65 4.5
5.7 4.5
5.75 4.5
5.8 4.5
5.85 4.5
5.9 4.5
5.95 4.5
6 4.5
6.05 4.5
6.1 4.5
6.15 4.5
6.2 4.5
6.25 4.5
6.3 4.5
6.35 4.5
6.4 4.5
6.45 4.5
6.5 4.5
6.55 4.5
6.6 4.5
6.65 4.5
6.7 4.5
6.75 4.5
6.8 4.5
6.85 4.5
6.9 4.5
6.95 4.5
7 4.5
7 4.5
7 4.45
7 4.4
7 4.35
7 4.3
7 4.25
7 4.2
7 4.15
7 4.1
7 4.05
7 4
7 3.95
7 3.9
7 3.85
7 3.8
7 3.75
7 3.7
7 3.65
7 3.6
7 3.55
7 3.5
7 3.45
7 3.4
7 3.35
7 3.3
7 3.25
7 3.2
7 3.15
7 3.1
7 3.05
7 3
7 2.95
7 2.9
7 2.85
7 2.8
7 2.75
7 2.7
7 2.65
7 2.6
7 2.55
7 2.5
7 2.45
7 2.4
7 2.35
7 2.3
7 2.25
7 2.2
7 2.15
7 2.1
7 2.05
7 2
7 1.95
7 1.9
7 1.85
7 1.8
7 1.75
7 1.7
7 1.65
7 1.6
7 1.55
7 1.5
7 1.45
7 1.4
7 1.35
7 1.3
7 1.25
7 1.2
7 1.15
7 1.1
7 1.05
7 1
7 0.95
7 0.9
7 0.85
7 0.8
7 0.75
7 0.7
7 0.65
7 0.6
7 0.55
7 0.5
7 0.45
7 0.4
7 0.35
7 0.3
7 0.25
7 0.2
7 0.15
7 0.1
7 0.05
7 0
7 -0.05
7 -0.1
7 -0.15
7 -0.2
7 -0.25
7 -0.3
7 -0.35
7 -0.4
7 -0.45
7 -0.5
7 -0.55
7 -0.6
7 -0.65
7 -0.7
7 -0.75
7 -0.8
7 -0.85
7 -0.9
7 -0.95
7 -1
7 -1.05
7 -1.1
7 -1.15
7 -1.2
7 -1.25
7 -1.3
7 -1.35
7 -1.4
7 -1.45
7 -1.5
7 -1.55
7 -1.6
7 -1.65
7 -1.7
7 -1.75
7 -1.8
7 -1.85
7 -1.9
7 -1.95
7 -2
7 -2.05
7 -2.1
7 -2.15
7 -2.2
7 -2.25
7 -2.3
7 -2.35
7 -2.4
7 -2.45
7 -2.5
7 -2.55
7 -2.6
7 -2.65
7 -2.7
7 -2.75
7 -2.8
7 -2.85
7 -2.9
7 -2.95
7 -3
7 -3.05
7 -3.1
7 -3.15
7 -3.2
7 -3.25
7 -3.3
7 -3.35
7 -3.4
7 -3.45
7 -3.5
7 -3.55
7 -3.6
7 -3.65
7 -3.7
7 -3.75
7 -3.8
7 -3.85
7 -3.9
7 -3.95
7 -4
7 -4.05
7 -4.1
7 -4.15
7 -4.2
7 -4.25
7 -4.3
7 -4.35
7 -4.4
7 -4.45
7 -4.5
7 -4.5
6.95 -4.5
6.9 -4.5
6.85 -4.5
6.8 -4.5
6.75 -4.5
6.7 -4.5
6.65 -4.5
6.6 -4.5
6.55 -4.5
6.5 -4.5
6.45 -4.5
6.4 -4.5
6.35 -4.5
6.3 -4.5
6.25 -4.5
6.2 -4.5
6.15 -4.5
6.1 -4.5
6.05 -4.5
6 -4.5
5.95 -4.5
5.9 -4.5
5.85 -4.5
5.8 -4.5
5.75 -4.5
5.7 -4.5
5.65 -4.5
5.6 -4.5
5.55 -4.5
5.5 -4.5
5.45 -4.5
5.4 -4.5
5.35 -4.5
5.3 -4.5
5.25 -4.5
5.2 -4.5
5.15 -4.5
5.1 -4.5
5.05 -4.5
5 -4.5
4.95 -4.5
4.9 -4.5
4.85 -4.5
4.8 -4.5
4.75 -4.5
4.7 -4.5
4.65 -4.5
4.6 -4.5
4.55 -4.5
4.5 -4.5
4.45 -4.5
4.4 -4.5
4.35 -4.5
4.3 -4.5
4.25 -4.5
4.2 -4.5
4.15 -4.5
4.1 -4.5
4.05 -4.5
4 -4.5
3.95 -4.5
3.9 -4.5
3.85 -4.5
3.8 -4.5
3.75 -4.5
3.7 -4.5
3.65 -4.5
3.6 -4.5
3.55 -4.5
3.5 -4.5
3.45 -4.5
3.4 -4.5
3.35 -4.5
3.3 -4.5
3.25 -4.5
3.2 -4.5
3.15 -4.5
3.1 -4.5
3.05 -4.5
3 -4.5
2.95 -4.5
2.9 -4.5
2.85 -4.5
2.8 -4.5
2.75 -4.5
2.7 -4.5
2.65 -4.5
2.6 -4.5
2.55 -4.5
2.5 -4.5
2.45 -4.5
2.4 -4.5
2.35 -4.5
2.3 -4.5
2.25 -4.5
2.2 -4.5
2.15 -4.5
2.1 -4.5
2.05 -4.5
2 -4.5
1.95 -4.5
1.9 -4.5
1.85 -4.5
1.8 -4.5
1.75 -4.5
1.7 -4.5
1.65 -4.5
1.6 -4.5
1.55 -4.5
1.5 -4.5
1.45 -4.5
1.4 -4.5
1.35 -4.5
1.3 -4.5
1.25 -4.5
1.2 -4.5
1.15 -4.5
1.1 -4.5
1.05 -4.5
1 -4.5
0.95 -4.5
0.9 -4.5
0.85 -4.5
0.8 -4.5
0.75 -4.5
0.7 -4.5
0.65 -4.5
0.6 -4.5
0.55 -4.5
0.5 -4.5
0.45 -4.5
0.4 -4.5
0.35 -4.5
0.3 -4.5
0.25 -4.5
0.2 -4.5
0.15 -4.5
0.1 -4.5
0.05 -4.5
0 -4.5
-0.05 -4.5
-0.1 -4.5
-0.15 -4.5
-0.2 -4.5
-0.25 -4.5
-0.3 -4.5
-0.35 -4.5
-0.4 -4.5
-0.45 -4.5
-0.5 -4.5
-0.55 -4.5
-0.6 -4.5
-0.65 -4.5
-0.7 -4.5
-0.75 -4.5
-0.8 -4.5
-0.85 -4.5
-0.9 -4.5
-0.95 -4.5
-1 -4.5
-1.05 -4.5
-1.1 -4.5
-1.15 -4.5
-1.2 -4.5
-1.25 -4.5
-1.3 -4.5
-1.35 -4.5
-1.4 -4.5
-1.45 -4.5
-1.5 -4.5
-1.55 -4.5
-1.6 -4.5
-1.65 -4.5
-1.7 -4.5
-1.75 -4.5
-1.8 -4.5
-1.85 -4.5
-1.9 -4.5
-1.95 -4.5
-2 -4.5
-2.05 -4.5
-2.1 -4.5
-2.15 -4.5
-2.2 -4.5
-2.25 -4.5
-2.3 -4.5
-2.35 -4.5
-2.4 -4.5
-2.45 -4.5
-2.5 -4.5
-2.55 -4.5
-2.6 -4.5
-2.65 -4.5
-2.7 -4.5
-2.75 -4.5
-2.8 -4.5
-2.85 -4.5
-2.9 -4.5
-2.95 -4.5
-3 -4.5
-3.05 -4.5
-3.1 -4.5
-3.15 -4.5
-3.2 -4.5
-3.25 -4.5
-3.3 -4.5
-3.35 -4.5
-3.4 -4.5
-3.45 -4.5
-3.5 -4.5
-3.55 -4.5
-3.6 -4.5
-3.65 -4.5
-3.7 -4.5
-3.75 -4.5
-3.8 -4.5
-3.85 -4.5
-3.9 -4.5
-3.95 -4.5
-4 -4.5
-4.05 -4.5
-4.1 -4.5
-4.15 -4.5
-4.2 -4.5
-4.25 -4.5
-4.3 -4.5
-4.35 -4.5
-4.4 -4.5
-4.45 -4.5
-4.5 -4.5
-4.55 -4.5
-4.6 -4.5
-4.65 -4.5
-4.7 -4.5
-4.75 -4.5
-4.8 -4.5
-4.85 -4.5
-4.9 -4.5
-4.95 -4.5
-5 -4.5
-5.05 -4.5
-5.1 -4.5
-5.15 -4.5
-5.2 -4.5
-5.25 -4.5
-5.3 -4.5
-5.35 -4.5
-5.4 -4.5
-5.45 -4.5
-5.5 -4.5
-5.55 -4.5
-5.6 -4.5
-5.65 -4.5
-5.7 -4.5
-5.75 -4.5
-5.8 -4.5
-5.85 -4.5
-5.9 -4.5
-5.95 -4.5
-6 -4.5
-6.05 -4.5
-6.1 -4.5
-6.15 -4.5
-6.2 -4.5
-6.25 -4.5
-6.3 -4.5
-6.35 -4.5
-6.4 -4.5
-6.45 -4.5
-6.5 -4.5
-6.55 -4.5
-6.6 -4.5
-6.65 -4.5
-6.7 -4.5
-6.75 -4.5
-6.8 -4.5
-6.85 -4.5
-6.9 -4.5
-6.95 -4.5
-7 -4.5
-7 -4.5
-7 -4.45
-7 -4.4
-7 -4.35
-7 -4.3
-7 -4.25
-7 -4.2
-7 -4.15
-7 -4.1
-7 -4.05
-7 -4
-7 -3.95
-7 -3.9
-7 -3.85
-7 -3.8
-7 -3.75
-7 -3.7
-7 -3.65
-7 -3.6
-7 -3.55
-7 -3.5
-7 -3.45
-7 -3.4
-7 -3.35
-7 -3.3
-7 -3.25
-7 -3.2
-7 -3.15
-7 -3.1
-7 -3.05
-7 -3
-7 -2.95
-7 -2.9
-7 -2.85
-7 -2.8
-7 -2.75
-7 -2.7
-7 -2.65
-7 -2.6
-7 -2.55
-7 -2.5
-7 -2.45
-7 -2.4
-7 -2.35
-7 -2.3
-7 -2.25
-7 -2.2
-7 -2.15
-7 -2.1
-7 -2.05
-7 -2
-7 -1.95
-7 -1.9
-7 -1.85
-7 -1.8
-7 -1.75
-7 -1.7
-7 -1.65
-7 -1.6
-7 -1.55
-7 -1.5
-7 -1.45
-7 -1.4
-7 -1.35
-7 -1.3
-7 -1.25
-7 -1.2
-7 -1.15
-7 -1.1
-7 -1.05
-7 -1
-7 -0.95
-7 -0.9
-7 -0.85
-7 -0.8
-7 -0.75
-7 -0.7
-7 -0.65
-7 -0.6
-7 -0.55
-7 -0.5
-7 -0.45
-7 -0.4
-7 -0.35
-7 -0.3
-7 -0.25
-7 -0.2
-7 -0.15
-7 -0.1
-7 -0.05
-7 0
-7 0.05
-7 0.1
-7 0.15
-7 0.2
-7 0.25
-7 0.3
-7 0.35
-7 0.4
-7 0.45
-7 0.5
-7 0.55
-7 0.6
-7 0.65
-7 0.7
-7 0.75
-7 0.8
-7 0.85
-7 0.9
-7 0.95
-7 1
-7 1.05
-7 1.1
-7 1.15
-7 1.2
-7 1.25
-7 1.3
-7 1.35
-7 1.4
-7 1.45
-7 1.5
-7 1.55
-7 1.6
-7 1.65
-7 1.7
-7 1.75
-7 1.8
-7 1.85
-7 1.9
-7 1.95
-7 2
-7 2.05
-7 2.1
-7 2.15
-7 2.2
-7 2.25
-7 2.3
-7 2.35
-7 2.4
-7 2.45
-7 2.5
-7 2.55
-7 2.6
-7 2.65
-7 2.7
-7 2.75
-7 2.8
-7 2.85
-7 2.9
-7 2.95
-7 3
-7 3.05
-7 3.1
-7 3.15
-7 3.2
-7 3.25
-7 3.3
-7 3.35
-7 3.4
-7 3.45
-7 3.5
-7 3.55
-7 3.6
-7 3.65
-7 3.7
-7 3.75
-7 3.8
-7 3.85
-7 3.9
-7 3.95
-7 4
-7 4.05
-7 4.1
-7 4.15
-7 4.2
-7 4.25
-7 4.3
-7 4.35
-7 4.4
-7 4.45
-7 4.5
0 -4.5
0 -4.45
0 -4.4
0 -4.35
0 -4.3
0 -4.25
0 -4.2
0 -4.15
0 -4.1
0 -4.05
0 -4
0 -3.95
0 -3.9
0 -3.85
0 -3.8
0 -3.75
0 -3.7
0 -3.65
0 -3.6
0 -3.55
0 -3.5
0 -3.45
0 -3.4
0 -3.35
0 -3.3
0 -3.25
0 -3.2
0 -3.15
0 -3.1
0 -3.05
0 -3
0 -2.95
0 -2.9
0 -2.85
0 -2.8
0 -2.75
0 -2.7
0 -2.65
0 -2.6
0 -2.55
0 -2.5
0 -2.45
0 -2.4
0 -2.35
0 -2.3
0 -2.25
0 -2.2
0 -2.15
0 -2.1
0 -2.05
0 -2
0 -1.95
0 -1.9
0 -1.85
0 -1.8
0 -1.75
0 -1.7
0 -1.65
0 -1.6
0 -1.55
0 -1.5
0 -1.45
0 -1.4
0 -1.35
0 -1.3
0 -1.25
0 -1.2
0 -1.15
0 -1.1
0 -1.05
0 -1
0 -0.95
0 -0.9
0 -0.85
0 -0.8
0 -0.75
0 -0.7
0 -0.65
0 -0.6
0 -0.55
0 -0.5
0 -0.45
0 -0.4
0 -0.35
0 -0.3
0 -0.25
0 -0.2
0 -0.15
0 -0.1
0 -0.05
0 0
0 0.05
0 0.1
0 0.15
0 0.2
0 0.25
0 0.3
0 0.35
0 0.4
0 0.45
0 0.5
0 0.55
0 0.6
0 0.65
0 0.7
0 0.75
0 0.8
0 0.85
0 0.9
0 0.95
0 1
0 1.05
0 1.1
0 1.15
0 1.2
0 1.25
0 1.3
0 1.35
0 1.4
0 1.45
0 1.5
0 1.55
0 1.6
0 1.65
0 1.7
0 1.75
0 1.8
0 1.85
0 1.9
0 1.95
0 2
0 2.05
0 2.1
0 2.15
0 2.2
0 2.25
0 2.3
0 2.35
0 2.4
0 2.45
0 2.5
0 2.55
0 2.6
0 2.65
0 2.7
0 2.75
0 2.8
0 2.85
0 2.9
0 2.95
0 3
0 3.05
0 3.1
0 3.15
0 3.2
0 3.25
0 3.3
0 3.35
0 3.4
0 3.45
0 3.5
0 3.55
0 3.6
0 3.65
0 3.7
0 3.75
0 3.8
0 3.85
0 3.9
0 3.95
0 4
0 4.05
0 4.1
0 4.15
0 4.2
0 4.25
0 4.3
0 4.35
0 4.4
0 4.45
0 4.5
1.5 0
1.49916 0.0501225
1.49665 0.100189
1.49247 0.150144
1.48662 0.19993
1.47911 0.249494
1.46994 0.298779
1.45914 0.34773
1.4467 0.396293
1.43265 0.444413
1.417 0.492037
1.39977 0.539112
1.38097 0.585584
1.36064 0.631402
1.33878 0.676515
1.31542 0.720873
1.2906 0.764425
1.26434 0.807124
1.23666 0.848921
1.20761 0.88977
1.1772 0.929625
1.14548 0.968442
1.11248 1.00618
1.07824 1.04279
1.04279 1.07824
1.00618 1.11248
0.968442 1.14548
0.929625 1.1772
0.88977 1.20761
0.848921 1.23666
0.807124 1.26434
0.764425 1.2906
0.720873 1.31542
0.676515 1.33878
0.631402 1.36064
0.585584 1.38097
0.539112 1.39977
0.492037 1.417
0.444413 1.43265
0.396293 1.4467
0.34773 1.45914
0.298779 1.46994
0.249494 1.47911
0.19993 1.48662
0.150144 1.49247
0.100189 1.49665
0.0501225 1.49916
-2.41218e-16 1.5
-0.0501225 1.49916
-0.100189 1.49665
-0.150144 1.49247
-0.19993 1.48662
-0.249494 1.47911
-0.298779 1.46994
-0.34773 1.45914
-0.396293 1.4467
-0.444413 1.43265
-0.492037 1.417
-0.539112 1.39977
-0.585584 1.38097
-0.631402 1.36064
-0.676515 1.33878
-0.720873 1.31542
-0.764425 1.2906
-0.807124 1.26434
-0.848921 1.23666
-0.88977 1.20761
-0.929625 1.1772
-0.968442 1.14548
-1.00618 1.11248
-1.04279 1.07824
-1.07824 1.04279
-1.11248 1.00618
-1.14548 0.968442
-1.1772 0.929625
-1.20761 0.88977
-1.23666 0.848921
-1.26434 0.807124
-1.2906 0.764425
-1.31542 0.720873
-1.33878 0.676515
-1.36064 0.631402
-1.38097 0.585584
-1.39977 0.539112
-1.417 0.492037
-1.43265 0.444413
-1.4467 0.396293
-1.45914 0.34773
-1.46994 0.298779
-1.47911 0.249494
-1.48662 0.19993
-1.49247 0.150144
-1.49665 0.100189
-1.49916 0.0501225
-1.5 -4.82437e-16
-1.49916 -0.0501225
-1.49665 -0.100189
-1.49247 -0.150144
-1.48662 -0.19993
-1.47911 -0.249494
-1.46994 -0.298779
-1.45914 -0.34773
-1.4467 -0.396293
-1.43265 -0.444413
-1.417 -0.492037
-1.39977 -0.539112
-1.38097 -0.585584
-1.36064 -0.631402
-1.33878 -0.676515
-1.31542 -0.720873
-1.2906 -0.764425
-1.26434 -0.807124
-1.23666 -0.848921
-1.20761 -0.88977
-1.1772 -0.929625
-1.14548 -0.968442
-1.11248 -1.00618
-1.07824 -1.04279
-1.04279 -1.07824
-1.00618 -1.11248
-0.968442 -1.14548
-0.929625 -1.1772
-0.88977 -1.20761
-0.848921 -1.23666
-0.807124 -1.26434
-0.764425 -1.2906
-0.720873 -1.31542
-0.676515 -1.33878
-0.631402 -1.36064
-0.585584 -1.38097
-0.539112 -1.39977
-0.492037 -1.417
-0.444413 -1.43265
-0.396293 -1.4467
-0.34773 -1.45914
-0.298779 -1.46994
-0.249494 -1.47911
-0.19993 -1.48662
-0.150144 -1.49247
-0.100189 -1.49665
-0.0501225 -1.49916
-2.75546e-16 -1.5
0.0501225 -1.49916
0.100189 -1.49665
0.150144 -1.49247
0.19993 -1.48662
0.249494 -1.47911
0.298779 -1.46994
0.34773 -1.45914
0.396293 -1.4467
0.444413 -1.43265
0.492037 -1.417
0.539112 -1.39977
0.585584 -1.38097
0.631402 -1.36064
0.676515 -1.33878
0.720873 -1.31542
0.764425 -1.2906
0.807124 -1.26434
0.848921 -1.23666
0.88977 -1.20761
0.929625 -1.1772
0.968442 -1.14548
1.00618 -1.11248
1.04279 -1.07824
1.07824 -1.04279
1.11248 -1.00618
1.14548 -0.968442
1.1772 -0.929625
1.20761 -0.88977
1.23666 -0.848921
1.26434 -0.807124
1.2906 -0.764425
1.31542 -0.720873
1.33878 -0.676515
1.36064 -0.631402
1.38097 -0.585584
1.39977 -0.539112
1.417 -0.492037
1.43265 -0.444413
1.4467 -0.396293
1.45914 -0.34773
1.46994 -0.298779
1.47911 -0.249494
1.48662 -0.19993
1.49247 -0.150144
1.49665 -0.100189
1.49916 -0.0501225
-7 2
-6.95 2
-6.9 2
-6.85 2
-6.8 2
-6.75 2
-6.7 2
-6.65 2
-6.6 2
-6.55 2
-6.5 2
-6.45 2
-6.4 2
-6.35 2
-6.3 2
-6.25 2
-6.2 2
-6.15 2
-6.1 2
-6.05 2
-6 2
-6 2
-6 1.95
-6 1.9
-6 1.85
-6 1.8
-6 1.75
-6 1.7
-6 1.65
-6 1.6
-6 1.55
-6 1.5
-6 1.45
-6 1.4
-6 1.35
-6 1.3
-6 1.25
-6 1.2
-6 1.15
-6 1.1
-6 1.05
-6 1
-6 0.95
-6 0.9
-6 0.85
-6 0.8
-6 0.75
-6 0.7
-6 0.65
-6 0.6
-6 0.55
-6 0.5
-6 0.45
-6 0.4
-6 0.35
-6 0.3
-6 0.25
-6 0.2
-6 0.15
-6 0.1
-6 0.05
-6 0
-6 -0.05
-6 -0.1
-6 -0.15
-6 -0.2
-6 -0.25
-6 -0.3
-6 -0.35
-6 -0.4
-6 -0.45
-6 -0.5
-6 -0.55
-6 -0.6
-6 -0.65
-6 -0.7
-6 -0.75
-6 -0.8
-6 -0.85
-6 -0.9
-6 -0.95
-6 -1
-6 -1.05
-6 -1.1
-6 -1.15
-6 -1.2
-6 -1.25
-6 -1.3
-6 -1.35
-6 -1.4
-6 -1.45
-6 -1.5
-6 -1.55
-6 -1.6
-6 -1.65
-6 -1.7
-6 -1.75
-6 -1.8
-6 -1.85
-6 -1.9
-6 -1.95
-6 -2
-6 -2
-6.05 -2
-6.1 -2
-6.15 -2
-6.2 -2
-6.25 -2
-6.3 -2
-6.35 -2
-6.4 -2
-6.45 -2
-6.5 -2
-6.55 -2
-6.6 -2
-6.65 -2
-6.7 -2
-6.75 -2
-6.8 -2
-6.85 -2
-6.9 -2
-6.95 -2
-7 -2
-7 -2
-7 -1.95
-7 -1.9
-7 -1.85
-7 -1.8
-7 -1.75
-7 -1.7
-7 -1.65
-7 -1.6
-7 -1.55
-7 -1.5
-7 -1.45
-7 -1.4
-7 -1.35
-7 -1.3
-7 -1.25
-7 -1.2
-7 -1.15
-7 -1.1
-7 -1.05
-7 -1
-7 -0.95
-7 -0.9
-7 -0.85
-7 -0.8
-7 -0.75
-7 -0.7
-7 -0.65
-7 -0.6
-7 -0.55
-7 -0.5
-7 -0.45
-7 -0.4
-7 -0.35
-7 -0.3
-7 -0.25
-7 -0.2
-7 -0.15
-7 -0.1
-7 -0.05
-7 0
-7 0.05
-7 0.1
-7 0.15
-7 0.2
-7 0.25
-7 0.3
-7 0.35
-7 0.4
-7 0.45
-7 0.5
-7 0.55
-7 0.6
-7 0.65
-7 0.7
-7 0.75
-7 0.8
-7 0.85
-7 0.9
-7 0.95
-7 1
-7 1.05
-7 1.1
-7 1.15
-7 1.2
-7 1.25
-7 1.3
-7 1.35
-7 1.4
-7 1.45
-7 1.5
-7 1.55
-7 1.6
-7 1.65
-7 1.7
-7 1.75
-7 1.8
-7 1.85
-7 1.9
-7 1.95
-7 2
6 2
6.05 2
6.1 2
6.15 2
6.2 2
6.25 2
6.3 2
6.35 2
6.4 2
6.45 2
6.5 2
6.55 2
6.6 2
6.65 2
6.7 2
6.75 2
6.8 2
6.85 2
6.9 2
6.95 2
7 2
7 2
7 1.95
7 1.9
7 1.85
7 1.8
7 1.75
7 1.7
7 1.65
7 1.6
7 1.55
7 1.5
7 1.45
7 1.4
7 1.35
7 1.3
7 1.25
7 1.2
7 1.15
7 1.1
7 1.05
7 1
7 0.95
7 0.9
7 0.85
7 0.8
7 0.75
7 0.7
7 0.65
7 0.6
7 0.55
7 0.5
7 0.45
7 0.4
7 0.35
7 0.3
7 0.25
7 0.2
7 0.15
7 0.1
7 0.05
7 0
7 -0.05
7 -0.1
7 -0.15
7 -0.2
7 -0.25
7 -0.3
7 -0.35
7 -0.4
7 -0.45
7 -0.5
7 -0.55
7 -0.6
7 -0.65
7 -0.7
7 -0.75
7 -0.8
7 -0.85
7 -0.9
7 -0.95
7 -1
7 -1.05
7 -1.1
7 -1.15
7 -1.2
7 -1.25
7 -1.3
7 -1.35
7 -1.4
7 -1.45
7 -1.5
7 -1.55
7 -1.6
7 -1.65
7 -1.7
7 -1.75
7 -1.8
7 -1.85
7 -1.9
7 -1.95
7 -2
7 -2
6.95 -2
6.9 -2
6.85 -2
6.8 -2
6.75 -2
6.7 -2
6.65 -2
6.6 -2
6.55 -2
6.5 -2
6.45 -2
6.4 -2
6.35 -2
6.3 -2
6.25 -2
6.2 -2
6.15 -2
6.1 -2
6.05 -2
6 -2
6 -2
6 -1.95
6 -1.9
6 -1.85
6 -1.8
6 -1.75
6 -1.7
6 -1.65
6 -1.6
6 -1.55
6 -1.5
6 -1.45
6 -1.4
6 -1.35
6 -1.3
6 -1.25
6 -1.2
6 -1.15
6 -1.1
6 -1.05
6 -1
6 -0.95
6 -0.9
6 -0.85
6 -0.8
6 -0.75
6 -0.7
6 -0.65
6 -0.6
6 -0.55
6 -0.5
6 -0.45
6 -0.4
6 -0.35
6 -0.3
6 -0.25
6 -0.2
6 -0.15
6 -0.1
6 -0.05
6 0
6 0.05
6 0.1
6 0.15
6 0.2
6 0.25
6 0.3
6 0.35
6 0.4
6 0.45
6 0.5
6 0.55
6 0.6
6 0.65
6 0.7
6 0.75
6 0.8
6 0.85
6 0.9
6 0.95
6 1
6 1.05
6 1.1
6 1.15
6 1.2
6 1.25
6 1.3
6 1.35
6 1.4
6 1.45
6 1.5
6 1.55
6 1.6
6 1.65
6 1.7
6 1.75
6 1.8
6 1.85
6 1.9
6 1.95
6 2
-7 3
-6.95 3
-6.9 3
-6.85 3
-6.8 3
-6.75 3
-6.7 3
-6.65 3
-6.6 3
-6.55 3
-6.5 3
-6.45 3
-6.4 3
-6.35 3
-6.3 3
-6.25 3
-6.2 3
-6.15 3
-6.1 3
-6.05 3
-6 3
-5.95 3
-5.9 3
-5.85 3
-5.8 3
-5.75 3
-5.7 3
-5.65 3
-5.6 3
-5.55 3
-5.5 3
-5.45 3
-5.4 3
-5.35 3
-5.3 3
-5.25 3
-5.2 3
-5.15 3
-5.1 3
-5.05 3
-5 3
-4.95 3
-4.9 3
-4.85 3
-4.8 3
-4.75 3
-4.7 3
-4.65 3
-4.6 3
-4.55 3
-4.5 3
-4.45 3
-4.4 3
-4.35 3
-4.3 3
-4.25 3
-4.2 3
-4.15 3
-4.1 3
-4.05 3
-4 3
-4 3
-4 2.95
-4 2.9
-4 2.85
-4 2.8
-4 2.75
-4 2.7
-4 2.65
-4 2.6
-4 2.55
-4 2.5
-4 2.45
-4 2.4
-4 2.35
-4 2.3
-4 2.25
-4 2.2
-4 2.15
-4 2.1
-4 2.05
-4 2
-4 1.95
-4 1.9
-4 1.85
-4 1.8
-4 1.75
-4 1.7
-4 1.65
-4 1.6
-4 1.55
-4 1.5
-4 1.45
-4 1.4
-4 1.35
-4 1.3
-4 1.25
-4 1.2
-4 1.15
-4 1.1
-4 1.05
-4 1
-4 0.95
-4 0.9
-4 0.85
-4 0.8
-4 0.75
-4 0.7
-4 0.65
-4 0.6
-4 0.55
-4 0.5
-4 0.45
-4 0.4
-4 0.35
-4 0.3
-4 0.25
-4 0.2
-4 0.15
-4 0.1
-4 0.05
-4 0
-4 -0.05
-4 -0.1
-4 -0.15
-4 -0.2
-4 -0.25
-4 -0.3
-4 -0.35
-4 -0.4
-4 -0.45
-4 -0.5
-4 -0.55
-4 -0.6
-4 -0.65
-4 -0.7
-4 -0.75
-4 -0.8
-4 -0.85
-4 -0.9
-4 -0.95
-4 -1
-4 -1.05
-4 -1.1
-4 -1.15
-4 -1.2
-4 -1.25
-4 -1.3
-4 -1.35
-4 -1.4
-4 -1.45
-4 -1.5
-4 -1.55
-4 -1.6
-4 -1.65
-4 -1.7
-4 -1.75
-4 -1.8
-4 -1.85
-4 -1.9
-4 -1.95
-4 -2
-4 -2.05
-4 -2.1
-4 -2.15
-4 -2.2
-4 -2.25
-4 -2.3
-4 -2.35
-4 -2.4
-4 -2.45
-4 -2.5
-4 -2.55
-4 -2.6
-4 -2.65
-4 -2.7
-4 -2.75
-4 -2.8
-4 -2.85
-4 -2.9
-4 -2.95
-4 -3
-4 -3
-4.05 -3
-4.1 -3
-4.15 -3
-4.2 -3
-4.25 -3
-4.3 -3
-4.35 -3
-4.4 -3
-4.45 -3
-4.5 -3
-4.55 -3
-4.6 -3
-4.65 -3
-4.7 -3
-4.75 -3
-4.8 -3
-4.85 -3
-4.9 -3
-4.95 -3
-5 -3
-5.05 -3
-5.1 -3
-5.15 -3
-5.2 -3
-5.25 -3
-5.3 -3
-5.35 -3
-5.4 -3
-5.45 -3
-5.5 -3
-5.55 -3
-5.6 -3
-5.65 -3
-5.7 -3
-5.75 -3
-5.8 -3
-5.85 -3
-5.9 -3
-5.95 -3
-6 -3
-6.05 -3
-6.1 -3
-6.15 -3
-6.2 -3
-6.25 -3
-6.3 -3
-6.35 -3
-6.4 -3
-6.45 -3
-6.5 -3
-6.55 -3
-6.6 -3
-6.65 -3
-6.7 -3
-6.75 -3
-6.8 -3
-6.85 -3
-6.9 -3
-6.95 -3
-7 -3
-7 -3
-7 -2.95
-7 -2.9
-7 -2.85
-7 -2.8
-7 -2.75
-7 -2.7
-7 -2.65
-7 -2.6
-7 -2.55
-7 -2.5
-7 -2.45
-7 -2.4
-7 -2.35
-7 -2.3
-7 -2.25
-7 -2.2
-7 -2.15
-7 -2.1
-7 -2.05
-7 -2
-7 -1.95
-7 -1.9
-7 -1.85
-7 -1.8
-7 -1.75
-7 -1.7
-7 -1.65
-7 -1.6
-7 -1.55
-7 -1.5
-7 -1.45
-7 -1.4
-7 -1.35
-7 -1.3
-7 -1.25
-7 -1.2
-7 -1.15
-7 -1.1
-7 -1.05
-7 -1
-7 -0.95
-7 -0.9
-7 -0.85
-7 -0.8
-7 -0.75
-7 -0.7
-7 -0.65
-7 -0.6
-7 -0.55
-7 -0.5
-7 -0.45
-7 -0.4
-7 -0.35
-7 -0.3
-7 -0.25
-7 -0.2
-7 -0.15
-7 -0.1
-7 -0.05
-7 0
-7 0.05
-7 0.1
-7 0.15
-7 0.2
-7 0.25
-7 0.3
-7 0.35
-7 0.4
-7 0.45
-7 0.5
-7 0.55
-7 0.6
-7 0.65
-7 0.7
-7 0.75
-7 0.8
-7 0.85
-7 0.9
-7 0.95
-7 1
-7 1.05
-7 1.1
-7 1.15
-7 1.2
-7 1.25
-7 1.3
-7 1.35
-7 1.4
-7 1.45
-7 1.5
-7 1.55
-7 1.6
-7 1.65
-7 1.7
-7 1.75
-7 1.8
-7 1.85
-7 1.9
-7 1.95
-7 2
-7 2.05
-7 2.1
-7 2.15
-7 2.2
-7 2.25
-7 2.3
-7 2.35
-7 2.4
-7 2.45
-7 2.5
-7 2.55
-7 2.6
-7 2.65
-7 2.7
-7 2.75
-7 2.8
-7 2.85
-7 2.9
-7 2.95
-7 3
4 3
4.05 3
4.1 3
4.15 3
4.2 3
4.25 3
4.3 3
4.35 3
4.4 3
4.45 3
4.5 3
4.55 3
4.6 3
4.65 3
4.7 3
4.75 3
4.8 3
4.85 3
4.9 3
4.95 3
5 3
5.05 3
5.1 3
5.15 3
5.2 3
5.25 3
5.3 3
5.35 3
5.4 3
5.45 3
5.5 3
5.55 3
5.6 3
5.65 3
5.7 3
5.75 3
5.8 3
5.85 3
5.9 3
5.95 3
6 3
6.05 3
6.1 3
6.15 3
6.2 3
6.25 3
6.3 3
6.35 3
6.4 3
6.45 3
6.5 3
6.55 3
6.6 3
6.65 3
6.7 3
6.75 3
6.8 3
6.85 3
6.9 3
6.95 3
7 3
7 3
7 2.95
7 2.9
7 2.85
7 2.8
7 2.75
7 2.7
7 2.65
7 2.6
7 2.55
7 2.5
7 2.45
7 2.4
7 2.35
7 2.3
7 2.25
7 2.2
7 2.15
7 2.1
7 2.05
7 2
7 1.95
7 1.9
7 1.85
7 1.8
7 1.75
7 1.7
7 1.65
7 1.6
7 1.55
7 1.5
7 1.45
7 1.4
7 1.35
7 1.3
7 1.25
7 1.2
7 1.15
7 1.1
7 1.05
7 1
7 0.95
7 0.9
7 0.85
7 0.8
7 0.75
7 0.7
7 0.65
7 0.6
7 0.55
7 0.5
7 0.45
7 0.4
7 0.35
7 0.3
7 0.25
7 0.2
7 0.15
7 0.1
7 0.05
7 0
7 -0.05
7 -0.1
7 -0.15
7 -0.2
7 -0.25
7 -0.3
7 -0.35
7 -0.4
7 -0.45
7 -0.5
7 -0.55
7 -0.6
7 -0.65
7 -0.7
7 -0.75
7 -0.8
7 -0.85
7 -0.9
7 -0.95
7 -1
7 -1.05
7 -1.1
7 -1.15
7 -1.2
7 -1.25
7 -1.3
7 -1.35
7 -1.4
7 -1.45
7 -1.5
7 -1.55
7 -1.6
7 -1.65
7 -1.7
7 -1.75
7 -1.8
7 -1.85
7 -1.9
7 -1.95
7 -2
7 -2.05
7 -2.1
7 -2.15
7 -2.2
7 -2.25
7 -2.3
7 -2.35
7 -2.4
7 -2.45
7 -2.5
7 -2.55
7 -2.6
7 -2.65
7 -2.7
7 -2.75
7 -2.8
7 -2.85
7 -2.9
7 -2.95
7 -3
7 -3
6.95 -3
6.9 -3
6.85 -3
6.8 -3
6.75 -3
6.7 -3
6.65 -3
6.6 -3
6.55 -3
6.5 -3
6.45 -3
6.4 -3
6.35 -3
6.3 -3
6.25 -3
6.2 -3
6.15 -3
6.1 -3
6.05 -3
6 -3
5.95 -3
5.9 -3
5.85 -3
5.8 -3
5.75 -3
5.7 -3
5.65 -3
5.6 -3
5.55 -3
5.5 -3
5.45 -3
5.4 -3
5.35 -3
5.3 -3
5.25 -3
5.2 -3
5.15 -3
5.1 -3
5.05 -3
5 -3
4.95 -3
4.9 -3
4.85 -3
4.8 -3
4.75 -3
4.7 -3
4.65 -3
4.6 -3
4.55 -3
4.5 -3
4.45 -3
4.4 -3
4.35 -3
4.3 -3
4.25 -3
4.2 -3
4.15 -3
4.1 -3
4.05 -3
4 -3
4 -3
4 -2.95
4 -2.9
4 -2.85
4 -2.8
4 -2.75
4 -2.7
4 -2.65
4 -2.6
4 -2.55
4 -2.5
4 -2.45
4 -2.4
4 -2.35
4 -2.3
4 -2.25
4 -2.2
4 -2.15
4 -2.1
4 -2.05
4 -2
4 -1.95
4 -1.9
4 -1.85
4 -1.8
4 -1.75
4 -1.7
4 -1.65
4 -1.6
4 -1.55
4 -1.5
4 -1.45
4 -1.4
4 -1.35
4 -1.3
4 -1.25
4 -1.2
4 -1.15
4 -1.1
4 -1.05
4 -1
4 -0.95
4 -0.9
4 -0.85
4 -0.8
4 -0.75
4 -0.7
4 -0.65
4 -0.6
4 -0.55
4 -0.5
4 -0.45
4 -0.4
4 -0.35
4 -0.3
4 -0.25
4 -0.2
4 -0.15
4 -0.1
4 -0.05
4 0
4 0.05
4 0.1
4 0.15
4 0.2
4 0.25
4 0.3
4 0.35
4 0.4
4 0.45
4 0.5
4 0.55
4 0.6
4 0.65
4 0.7
4 0.75
4 0.8
4 0.85
4 0.9
4 0.95
4 1
4 1.05
4 1.1
4 1.15
4 1.2
4 1.25
4 1.3
4 1.35
4 1.4
4 1.45
4 1.5
4 1.55
4 1.6
4 1.65
4 1.7
4 1.75
4 1.8
4 1.85
4 1.9
4 1.95
4 2
4 2.05
4 2.1
4 2.15
4 2.2
4 2.25
4 2.3
4 2.35
4 2.4
4 2.45
4 2.5
4 2.55
4 2.6
4 2.65
4 2.7
4 2.75
4 2.8
4 2.85
4 2.9
4 2.95
4 3
-4.85 0
-4.875 0.0433013
-4.925 0.0433013
-4.95 6.12323e-18
-4.925 -0.0433013
-4.875 -0.0433013
4.95 0
4.925 0.0433013
4.875 0.0433013
4.85 6.12323e-18
4.875 -0.0433013
4.925 -0.0433013
-7 -1.3
-7 -1.24902
-7 -1.19804
-7 -1.14706
-7 -1.09608
-7 -1.0451
-7 -0.994118
-7 -0.943137
-7 -0.892157
-7 -0.841176
-7 -0.790196
-7 -0.739216
-7 -0.688235
-7 -0.637255
-7 -0.586275
-7 -0.535294
-7 -0.484314
-7 -0.433333
-7 -0.382353
-7 -0.331373
-7 -0.280392
-7 -0.229412
-7 -0.178431
-7 -0.127451
-7 -0.0764706
-7 -0.0254902
-7 0.0254902
-7 0.0764706
-7 0.127451
-7 0.178431
-7 0.229412
-7 0.280392
-7 0.331373
-7 0.382353
-7 0.433333
-7 0.484314
-7 0.535294
-7 0.586275
-7 0.637255
-7 0.688235
-7 0.739216
-7 0.790196
-7 0.841176
-7 0.892157
-7 0.943137
-7 0.994118
-7 1.0451
-7 1.09608
-7 1.14706
-7 1.19804
-7 1.24902
-7 1.3
7 -1.3
7 -1.24902
7 -1.19804
7 -1.14706
7 -1.09608
7 -1.0451
7 -0.994118
7 -0.943137
7 -0.892157
7 -0.841176
7 -0.790196
7 -0.739216
7 -0.688235
7 -0.637255
7 -0.586275
7 -0.535294
7 -0.484314
7 -0.433333
7 -0.382353
7 -0.331373
7 -0.280392
7 -0.229412
7 -0.178431
7 -0.127451
7 -0.0764706
7 -0.0254902
7 0.0254902
7 0.0764706
7 0.127451
7 0.178431
7 0.229412
7 0.280392
7 0.331373
7 0.382353
7 0.433333
7 0.484314
7 0.535294
7 0.586275
7 0.637255
7 0.688235
7 0.739216
7 0.790196
7 0.841176
7 0.892157
7 0.943137
7 0.994118
7 1.0451
7 1.09608
7 1.14706
7 1.19804
7 1.24902
7 1.3
